466.3637003157341
240.94938127050042
490.18650320774253
240.07001790626032
193.80289785758694
159.8035832879634
144.53685561568037
140.3673667554924
143.13035614300523
114.02152806036986
141.89843293914524
145.21401279771882
126.86374370039873
113.54687004251551
114.09017987570289
125.11031344797973
138.40026010661717
105.56510130004172
106.84059218927852
123.68947235485513
113.81013277453177
108.94828360202398
131.17543736513252
114.40310451459531
94.71752784315257
118.74824413959847
132.45268615978532
114.04245562296065
100.11725822602067
85.55956786019821
72.62079889088926
90.05397325279877
90.80755106083191
108.86987603717364
105.47379242324925
90.38269478016414
93.82559309668449
69.94257046673697
86.09137966470749
68.29068554091451
81.97877855932018
74.82414932633486
87.60902872181856
78.30168431835214
69.62526300385491
54.793816627816426
56.15244365650581
76.65587012094316
91.03213781838795
64.87229023982157
67.57753400937544
78.20086122269915
